1 0 0
2 3 2
3 6 4
4 15 8
5 16 9
6 21 11
7 34 17
8 46 22
9 57 27
10 62 29
11 71 33
12 88 40
13 93 42
14 106 48
15 115 52
16 131 58
17 143 63
18 158 69
19 172 75
20 185 80
21 195 84
22 214 92
23 224 96
24 239 102
25 254 108
26 268 114
27 278 118
28 293 124
29 303 128
30 322 136
31 332 140
32 348 146
33 364 153
34 386 161
35 401 167
36 415 172
37 430 178
38 450 186
39 466 192
40 490 202
41 506 208
42 526 216
43 537 220
44 557 228
45 572 234
46 588 240
47 604 246
48 624 254
49 643 262
50 656 266
51 675 274
52 691 280
53 706 286
54 726 294
55 742 300
56 766 310
57 782 316
58 802 324
59 813 328
60 833 336
61 848 342
62 864 348
63 880 354
64 901 362
65 923 371
66 945 379
67 965 387
68 981 392
69 1004 402
70 1022 408
71 1042 416
72 1059 422
73 1079 430
74 1105 440
75 1130 450
76 1138 452
77 1166 464
78 1183 470
79 1204 478
80 1225 486
81 1241 492
82 1268 502
83 1287 510
84 1305 516
85 1328 526
86 1346 532
87 1366 540
88 1375 542
89 1403 554
90 1425 562
91 1454 574
92 1462 576
93 1490 588
94 1507 594
95 1528 602
96 1546 608
97 1565 616
98 1593 626
99 1611 634
100 1629 640
101 1652 650
102 1670 656
103 1690 664
104 1705 668
105 1724 676
106 1746 684
107 1778 698
108 1786 700
109 1814 712
110 1831 718
111 1852 726
112 1868 730
113 1888 738
114 1916 750
115 1935 758
116 1953 764
117 1976 774
118 1994 780
119 2014 788
120 2017 786
121 2044 798
122 2066 806
123 2102 822
124 2110 824
125 2138 836
126 2155 842
127 2176 850
128 2182 850
129 2201 857
130 2248 877
131 2273 887
132 2297 896
133 2309 900
134 2345 914
135 2362 920
136 2388 930
137 2413 940
138 2432 946
139 2457 956
140 2483 966
141 2496 970
142 2527 982
143 2548 990
144 2566 996
145 2590 1006
146 2617 1016
147 2643 1026
148 2670 1036
149 2678 1038
150 2713 1052
151 2739 1062
152 2747 1064
153 2777 1076
154 2795 1082
155 2834 1098
156 2851 1104
157 2863 1108
158 2900 1122
159 2916 1128
160 2938 1136
161 2958 1144
162 2986 1154
163 3016 1166
164 3038 1174
165 3054 1180
166 3089 1194
167 3110 1202
168 3128 1208
169 3154 1218
170 3172 1224
171 3202 1236
172 3229 1246
173 3236 1248
174 3268 1260
175 3293 1270
176 3305 1274
177 3336 1286
178 3367 1298
179 3388 1306
180 3410 1314
181 3418 1316
182 3457 1332
183 3479 1340
184 3493 1344
185 3518 1354
186 3540 1362
187 3574 1376
188 3592 1382
189 3600 1384
190 3639 1400
191 3661 1408
192 3674 1412
193 3699 1422
194 3722 1430
195 3744 1438
196 3777 1452
197 3789 1456
198 3830 1472
199 3847 1478
200 3874 1488
201 3895 1496
202 3916 1504
203 3937 1512
204 3959 1520
205 3976 1526
206 4017 1542
207 4034 1548
208 4053 1554
209 4070 1562
210 4097 1572
211 4134 1586
212 4156 1594
213 4164 1596
214 4203 1612
215 4225 1620
216 4229 1620
217 4264 1634
218 4285 1642
219 4320 1656
220 4338 1662
221 4345 1664
222 4390 1682
223 4397 1684
224 4415 1690
225 4438 1700
226 4468 1710
227 4502 1724
228 4528 1734
229 4539 1738
230 4572 1750
231 4592 1758
232 4614 1766
233 4641 1776
234 4663 1784
235 4683 1792
236 4719 1806
237 4727 1808
238 4754 1818
239 4779 1828
240 4792 1832
241 4826 1846
242 4857 1858
243 4878 1866
244 4900 1874
245 4908 1876
246 4947 1892
247 4969 1900
248 4975 1900
249 5005 1912
250 5027 1920
251 5064 1936
252 5078 1940
253 5086 1942
254 5129 1960
255 5147 1966
256 5163 1972
257 5184 1979
258 5203 1985
259 5246 2003
260 5278 2014
261 5301 2024
262 5331 2034
263 5362 2046
264 5367 2046
265 5399 2058
266 5437 2074
267 5458 2082
268 5481 2088
269 5515 2102
270 5547 2114
271 5565 2120
272 5585 2128
273 5621 2142
274 5636 2146
275 5678 2164
276 5690 2166
277 5716 2176
278 5753 2190
279 5779 2200
