1 0 0
2 1 0
3 2 0
4 4 0
5 6 0
6 8 0
7 10 0
8 13 0
9 16 0
10 19 0
11 22 0
12 25 0
13 28 0
14 31 0
15 34 0
16 38 0
17 42 0
18 46 0
19 50 0
20 54 0
21 58 0
22 62 0
23 66 0
24 70 0
25 74 0
26 78 0
27 82 0
28 86 0
29 90 0
30 94 0
31 98 0
32 103 0
33 108 0
34 113 0
35 118 0
36 123 0
37 128 0
38 133 0
39 138 0
40 143 0
41 148 0
42 153 0
43 158 0
44 163 0
45 168 0
46 173 0
47 178 0
48 183 0
49 188 0
50 193 0
51 198 0
52 203 0
53 208 0
54 213 0
55 218 0
56 223 0
57 228 0
58 233 0
59 238 0
60 243 0
61 248 0
62 253 0
63 258 0
64 264 0
65 270 0
66 276 0
67 282 0
68 288 0
69 294 0
70 300 0
71 306 0
72 312 0
73 318 0
74 324 0
75 330 0
76 336 0
77 342 0
78 348 0
79 354 0
80 360 0
81 366 0
82 372 0
83 378 0
84 384 0
85 390 0
86 396 0
87 402 0
88 408 0
89 414 0
90 420 0
91 426 0
92 432 0
93 438 0
94 444 0
95 450 0
96 456 0
97 462 0
98 468 0
99 474 0
100 480 0
101 486 0
102 492 0
103 498 0
104 504 0
105 510 0
106 516 0
107 522 0
108 528 0
109 534 0
110 540 0
111 546 0
112 552 0
113 558 0
114 564 0
115 570 0
116 576 0
117 582 0
118 588 0
119 594 0
120 600 0
121 606 0
122 612 0
123 618 0
124 624 0
125 630 0
126 636 0
127 642 0
128 649 0
129 656 0
130 663 0
131 670 0
132 677 0
133 684 0
134 691 0
135 698 0
136 705 0
137 712 0
138 719 0
139 726 0
140 733 0
141 740 0
142 747 0
143 754 0
144 761 0
145 768 0
146 775 0
147 782 0
148 789 0
149 796 0
150 803 0
151 810 0
152 817 0
153 824 0
154 831 0
155 838 0
156 845 0
157 852 0
158 859 0
159 866 0
160 873 0
161 880 0
162 887 0
163 894 0
164 901 0
165 908 0
166 915 0
167 922 0
168 929 0
169 936 0
170 943 0
171 950 0
172 957 0
173 964 0
174 971 0
175 978 0
176 985 0
177 992 0
178 999 0
179 1006 0
180 1013 0
181 1020 0
182 1027 0
183 1034 0
184 1041 0
185 1048 0
186 1055 0
187 1062 0
188 1069 0
189 1076 0
190 1083 0
191 1090 0
192 1097 0
193 1104 0
194 1111 0
195 1118 0
196 1125 0
197 1132 0
198 1139 0
199 1146 0
200 1153 0
201 1160 0
202 1167 0
203 1174 0
204 1181 0
205 1188 0
206 1195 0
207 1202 0
208 1209 0
209 1216 0
210 1223 0
211 1230 0
212 1237 0
213 1244 0
214 1251 0
215 1258 0
216 1265 0
217 1272 0
218 1279 0
219 1286 0
220 1293 0
221 1300 0
222 1307 0
223 1314 0
224 1321 0
225 1328 0
226 1335 0
227 1342 0
228 1349 0
229 1356 0
230 1363 0
231 1370 0
232 1377 0
233 1384 0
234 1391 0
235 1398 0
236 1405 0
237 1412 0
238 1419 0
239 1426 0
240 1433 0
241 1440 0
242 1447 0
243 1454 0
244 1461 0
245 1468 0
246 1475 0
247 1482 0
248 1489 0
249 1496 0
250 1503 0
251 1510 0
252 1517 0
253 1524 0
254 1531 0
255 1538 0
256 1546 0
257 1554 0
258 1562 0
259 1570 0
260 1578 0
261 1586 0
262 1594 0
263 1602 0
264 1610 0
265 1618 0
266 1626 0
267 1634 0
268 1642 0
269 1650 0
270 1658 0
271 1666 0
272 1674 0
273 1682 0
274 1690 0
275 1698 0
276 1706 0
277 1714 0
278 1722 0
279 1730 0
