1 2 0
2 3 0
3 4 0
4 8 0
5 12 0
6 14 0
7 16 0
8 21 0
9 26 0
10 31 0
11 36 0
12 39 0
13 42 0
14 45 0
15 48 0
16 54 0
17 60 0
18 66 0
19 72 0
20 78 0
21 84 0
22 90 0
23 96 0
24 100 0
25 104 0
26 108 0
27 112 0
28 116 0
29 120 0
30 124 0
31 128 0
32 135 0
33 142 0
34 149 0
35 156 0
36 163 0
37 170 0
38 177 0
39 184 0
40 191 0
41 198 0
42 205 0
43 212 0
44 219 0
45 226 0
46 233 0
47 240 0
48 245 0
49 250 0
50 255 0
51 260 0
52 265 0
53 270 0
54 275 0
55 280 0
56 285 0
57 290 0
58 295 0
59 300 0
60 305 0
61 310 0
62 315 0
63 320 0
64 328 0
65 336 0
66 344 0
67 352 0
68 360 0
69 368 0
70 376 0
71 384 0
72 392 0
73 400 0
74 408 0
75 416 0
76 424 0
77 432 0
78 440 0
79 448 0
80 456 0
81 464 0
82 472 0
83 480 0
84 488 0
85 496 0
86 504 0
87 512 0
88 520 0
89 528 0
90 536 0
91 544 0
92 552 0
93 560 0
94 568 0
95 576 0
96 582 0
97 588 0
98 594 0
99 600 0
100 606 0
101 612 0
102 618 0
103 624 0
104 630 0
105 636 0
106 642 0
107 648 0
108 654 0
109 660 0
110 666 0
111 672 0
112 678 0
113 684 0
114 690 0
115 696 0
116 702 0
117 708 0
118 714 0
119 720 0
120 726 0
121 732 0
122 738 0
123 744 0
124 750 0
125 756 0
126 762 0
127 768 0
128 777 0
129 786 0
130 795 0
131 804 0
132 813 0
133 822 0
134 831 0
135 840 0
136 849 0
137 858 0
138 867 0
139 876 0
140 885 0
141 894 0
142 903 0
143 912 0
144 921 0
145 930 0
146 939 0
147 948 0
148 957 0
149 966 0
150 975 0
151 984 0
152 993 0
153 1002 0
154 1011 0
155 1020 0
156 1029 0
157 1038 0
158 1047 0
159 1056 0
160 1065 0
161 1074 0
162 1083 0
163 1092 0
164 1101 0
165 1110 0
166 1119 0
167 1128 0
168 1137 0
169 1146 0
170 1155 0
171 1164 0
172 1173 0
173 1182 0
174 1191 0
175 1200 0
176 1209 0
177 1218 0
178 1227 0
179 1236 0
180 1245 0
181 1254 0
182 1263 0
183 1272 0
184 1281 0
185 1290 0
186 1299 0
187 1308 0
188 1317 0
189 1326 0
190 1335 0
191 1344 0
192 1351 0
193 1358 0
194 1365 0
195 1372 0
196 1379 0
197 1386 0
198 1393 0
199 1400 0
200 1407 0
201 1414 0
202 1421 0
203 1428 0
204 1435 0
205 1442 0
206 1449 0
207 1456 0
208 1463 0
209 1470 0
210 1477 0
211 1484 0
212 1491 0
213 1498 0
214 1505 0
215 1512 0
216 1519 0
217 1526 0
218 1533 0
219 1540 0
220 1547 0
221 1554 0
222 1561 0
223 1568 0
224 1575 0
225 1582 0
226 1589 0
227 1596 0
228 1603 0
229 1610 0
230 1617 0
231 1624 0
232 1631 0
233 1638 0
234 1645 0
235 1652 0
236 1659 0
237 1666 0
238 1673 0
239 1680 0
240 1687 0
241 1694 0
242 1701 0
243 1708 0
244 1715 0
245 1722 0
246 1729 0
247 1736 0
248 1743 0
249 1750 0
250 1757 0
251 1764 0
252 1771 0
253 1778 0
254 1785 0
255 1792 0
256 1802 0
257 1812 0
258 1822 0
259 1832 0
260 1842 0
261 1852 0
262 1862 0
263 1872 0
264 1882 0
265 1892 0
266 1902 0
267 1912 0
268 1922 0
269 1932 0
270 1942 0
271 1952 0
272 1962 0
273 1972 0
274 1982 0
275 1992 0
276 2002 0
277 2012 0
278 2022 0
279 2032 0
