1 0 1
2 1 2
3 3 5
4 4 8
5 7 12
6 9 16
7 11 20
8 12 24
9 16 29
10 19 34
11 22 39
12 24 44
13 27 49
14 29 54
15 31 59
16 32 64
17 37 70
18 41 76
19 45 82
20 48 88
21 52 94
22 55 100
23 58 106
24 60 112
25 64 118
26 67 124
27 70 130
28 72 136
29 75 142
30 77 148
31 79 154
32 80 160
33 86 167
34 91 174
35 96 181
36 100 188
37 105 195
38 109 202
39 113 209
40 116 216
41 121 223
42 125 230
43 129 237
44 132 244
45 136 251
46 139 258
47 142 265
48 144 272
49 149 279
50 153 286
51 157 293
52 160 300
53 164 307
54 167 314
55 170 321
56 172 328
57 176 335
58 179 342
59 182 349
60 184 356
61 187 363
62 189 370
63 191 377
64 192 384
65 199 392
66 205 400
67 211 408
68 216 416
69 222 424
70 227 432
71 232 440
72 236 448
73 242 456
74 247 464
75 252 472
76 256 480
77 261 488
78 265 496
79 269 504
80 272 512
81 278 520
82 283 528
83 288 536
84 292 544
85 297 552
86 301 560
87 305 568
88 308 576
89 313 584
90 317 592
91 321 600
92 324 608
93 328 616
94 331 624
95 334 632
96 336 640
97 342 648
98 347 656
99 352 664
100 356 672
101 361 680
102 365 688
103 369 696
104 372 704
105 377 712
106 381 720
107 385 728
108 388 736
109 392 744
110 395 752
111 398 760
112 400 768
113 405 776
114 409 784
115 413 792
116 416 800
117 420 808
118 423 816
119 426 824
120 428 832
121 432 840
122 435 848
123 438 856
124 440 864
125 443 872
126 445 880
127 447 888
128 448 896
129 456 905
130 463 914
131 470 923
132 476 932
133 483 941
134 489 950
135 495 959
136 500 968
137 507 977
138 513 986
139 519 995
140 524 1004
141 530 1013
142 535 1022
143 540 1031
144 544 1040
145 551 1049
146 557 1058
147 563 1067
148 568 1076
149 574 1085
150 579 1094
151 584 1103
152 588 1112
153 594 1121
154 599 1130
155 604 1139
156 608 1148
157 613 1157
158 617 1166
159 621 1175
160 624 1184
161 631 1193
162 637 1202
163 643 1211
164 648 1220
165 654 1229
166 659 1238
167 664 1247
168 668 1256
169 674 1265
170 679 1274
171 684 1283
172 688 1292
173 693 1301
174 697 1310
175 701 1319
176 704 1328
177 710 1337
178 715 1346
179 720 1355
180 724 1364
181 729 1373
182 733 1382
183 737 1391
184 740 1400
185 745 1409
186 749 1418
187 753 1427
188 756 1436
189 760 1445
190 763 1454
191 766 1463
192 768 1472
193 775 1481
194 781 1490
195 787 1499
196 792 1508
197 798 1517
198 803 1526
199 808 1535
200 812 1544
201 818 1553
202 823 1562
203 828 1571
204 832 1580
205 837 1589
206 841 1598
207 845 1607
208 848 1616
209 854 1625
210 859 1634
211 864 1643
212 868 1652
213 873 1661
214 877 1670
215 881 1679
216 884 1688
217 889 1697
218 893 1706
219 897 1715
220 900 1724
221 904 1733
222 907 1742
223 910 1751
224 912 1760
225 918 1769
226 923 1778
227 928 1787
228 932 1796
229 937 1805
230 941 1814
231 945 1823
232 948 1832
233 953 1841
234 957 1850
235 961 1859
236 964 1868
237 968 1877
238 971 1886
239 974 1895
240 976 1904
241 981 1913
242 985 1922
243 989 1931
244 992 1940
245 996 1949
246 999 1958
247 1002 1967
248 1004 1976
249 1008 1985
250 1011 1994
251 1014 2003
252 1016 2012
253 1019 2021
254 1021 2030
255 1023 2039
256 1024 2048
257 1033 2058
258 1041 2068
259 1049 2078
260 1056 2088
261 1064 2098
262 1071 2108
263 1078 2118
264 1084 2128
265 1092 2138
266 1099 2148
267 1106 2158
268 1112 2168
269 1119 2178
270 1125 2188
271 1131 2198
272 1136 2208
273 1144 2218
274 1151 2228
275 1158 2238
276 1164 2248
277 1171 2258
278 1177 2268
279 1183 2278
