1 1 0
2 3 0
3 6 0
4 10 0
5 15 0
6 21 0
7 28 0
8 36 0
9 45 0
10 55 0
11 66 0
12 78 0
13 91 0
14 105 0
15 120 0
16 136 0
17 153 0
18 171 0
19 190 0
20 210 0
21 231 0
22 253 0
23 276 0
24 300 0
25 325 0
26 351 0
27 378 0
28 406 0
29 435 0
30 465 0
31 496 0
32 528 0
33 561 0
34 595 0
35 630 0
36 666 0
37 703 0
38 741 0
39 780 0
40 820 0
41 861 0
42 903 0
43 946 0
44 990 0
45 1035 0
46 1081 0
47 1128 0
48 1176 0
49 1225 0
50 1275 0
51 1326 0
52 1378 0
53 1431 0
54 1485 0
55 1540 0
56 1596 0
57 1653 0
58 1711 0
59 1770 0
60 1830 0
61 1891 0
62 1953 0
63 2016 0
64 2080 0
65 2145 0
66 2211 0
67 2278 0
68 2346 0
69 2415 0
70 2485 0
71 2556 0
72 2628 0
73 2701 0
74 2775 0
75 2850 0
76 2926 0
77 3003 0
78 3081 0
79 3160 0
80 3240 0
81 3321 0
82 3403 0
83 3486 0
84 3570 0
85 3655 0
86 3741 0
87 3828 0
88 3916 0
89 4005 0
90 4095 0
91 4186 0
92 4278 0
93 4371 0
94 4465 0
95 4560 0
96 4656 0
97 4753 0
98 4851 0
99 4950 0
100 5050 0
101 5151 0
102 5253 0
103 5356 0
104 5460 0
105 5565 0
106 5671 0
107 5778 0
108 5886 0
109 5995 0
110 6105 0
111 6216 0
112 6328 0
113 6441 0
114 6555 0
115 6670 0
116 6786 0
117 6903 0
118 7021 0
119 7140 0
120 7260 0
121 7381 0
122 7503 0
123 7626 0
124 7750 0
125 7875 0
126 8001 0
127 8128 0
128 8256 0
129 8385 0
130 8515 0
131 8646 0
132 8778 0
133 8911 0
134 9045 0
135 9180 0
136 9316 0
137 9453 0
138 9591 0
139 9730 0
140 9870 0
141 10011 0
142 10153 0
143 10296 0
144 10440 0
145 10585 0
146 10731 0
147 10878 0
148 11026 0
149 11175 0
150 11325 0
151 11476 0
152 11628 0
153 11781 0
154 11935 0
155 12090 0
156 12246 0
157 12403 0
158 12561 0
159 12720 0
160 12880 0
161 13041 0
162 13203 0
163 13366 0
164 13530 0
165 13695 0
166 13861 0
167 14028 0
168 14196 0
169 14365 0
170 14535 0
171 14706 0
172 14878 0
173 15051 0
174 15225 0
175 15400 0
176 15576 0
177 15753 0
178 15931 0
179 16110 0
180 16290 0
181 16471 0
182 16653 0
183 16836 0
184 17020 0
185 17205 0
186 17391 0
187 17578 0
188 17766 0
189 17955 0
190 18145 0
191 18336 0
192 18528 0
193 18721 0
194 18915 0
195 19110 0
196 19306 0
197 19503 0
198 19701 0
199 19900 0
200 20100 0
201 20301 0
202 20503 0
203 20706 0
204 20910 0
205 21115 0
206 21321 0
207 21528 0
208 21736 0
209 21945 0
210 22155 0
211 22366 0
212 22578 0
213 22791 0
214 23005 0
215 23220 0
216 23436 0
217 23653 0
218 23871 0
219 24090 0
220 24310 0
221 24531 0
222 24753 0
223 24976 0
224 25200 0
225 25425 0
226 25651 0
227 25878 0
228 26106 0
229 26335 0
230 26565 0
231 26796 0
232 27028 0
233 27261 0
234 27495 0
235 27730 0
236 27966 0
237 28203 0
238 28441 0
239 28680 0
240 28920 0
241 29161 0
242 29403 0
243 29646 0
244 29890 0
245 30135 0
246 30381 0
247 30628 0
248 30876 0
249 31125 0
250 31375 0
251 31626 0
252 31878 0
253 32131 0
254 32385 0
255 32640 0
256 32896 0
257 33153 0
258 33411 0
259 33670 0
260 33930 0
261 34191 0
262 34453 0
263 34716 0
264 34980 0
265 35245 0
266 35511 0
267 35778 0
268 36046 0
269 36315 0
270 36585 0
271 36856 0
272 37128 0
273 37401 0
274 37675 0
275 37950 0
276 38226 0
277 38503 0
278 38781 0
279 39060 0
