1 0 1
2 1 2
3 3 5
4 4 8
5 7 12
6 9 16
7 14 20
8 17 24
9 18 29
10 23 34
11 27 39
12 30 44
13 34 49
14 37 54
15 39 59
16 47 64
17 51 70
18 54 76
19 59 82
20 62 88
21 71 94
22 74 100
23 78 106
24 83 112
25 85 118
26 95 124
27 92 130
28 103 136
29 100 142
30 114 148
31 119 154
32 120 160
33 127 167
34 127 174
35 138 181
36 144 188
37 142 195
38 159 202
39 164 209
40 168 216
41 170 223
42 175 230
43 185 237
44 188 244
45 195 251
46 196 258
47 201 265
48 209 272
49 221 279
50 218 286
51 229 293
52 232 300
53 241 307
54 245 314
55 254 321
56 258 328
57 264 335
58 264 342
59 278 349
60 280 356
61 290 363
62 293 370
63 298 377
64 295 384
65 316 392
66 313 400
67 320 408
68 328 416
69 339 424
70 348 432
71 359 440
72 348 448
73 361 456
74 377 464
75 374 472
76 385 480
77 395 488
78 407 496
79 404 504
80 410 512
81 408 520
82 417 528
83 423 536
84 429 544
85 441 552
86 444 560
87 453 568
88 463 576
89 476 584
90 482 592
91 476 600
92 484 608
93 505 616
94 491 624
95 511 632
96 517 640
97 506 648
98 518 656
99 536 664
100 542 672
101 543 680
102 552 688
103 568 696
104 577 704
105 569 712
106 588 720
107 597 728
108 594 736
109 604 744
110 611 752
111 617 760
112 623 768
113 625 776
114 640 784
115 645 792
116 639 800
117 658 808
118 677 816
119 680 824
120 678 832
121 692 840
122 686 848
123 704 856
124 706 864
125 726 872
126 724 880
127 728 888
128 742 896
129 759 905
130 753 914
131 750 923
132 766 932
133 775 941
134 776 950
135 797 959
136 795 968
137 806 977
138 799 986
139 815 995
140 833 1004
141 827 1013
142 842 1022
143 851 1031
144 857 1040
145 864 1049
146 874 1058
147 886 1067
148 884 1076
149 884 1085
150 900 1094
151 903 1103
152 919 1112
153 932 1121
154 929 1130
155 931 1139
156 953 1148
157 960 1157
158 952 1166
159 960 1175
160 987 1184
161 985 1193
162 990 1202
163 1009 1211
164 998 1220
165 1015 1229
166 1014 1238
167 1033 1247
168 1040 1256
169 1057 1265
170 1051 1274
171 1056 1283
172 1056 1292
173 1073 1301
174 1067 1310
175 1072 1319
176 1094 1328
177 1107 1337
178 1108 1346
179 1132 1355
180 1129 1364
181 1132 1373
182 1136 1382
183 1151 1391
184 1145 1400
185 1177 1409
186 1179 1418
187 1190 1427
188 1177 1436
189 1209 1445
190 1200 1454
191 1207 1463
192 1223 1472
193 1226 1481
194 1246 1490
195 1251 1499
196 1259 1508
197 1253 1517
198 1274 1526
199 1274 1535
200 1278 1544
201 1288 1553
202 1313 1562
203 1311 1571
204 1307 1580
205 1322 1589
206 1338 1598
207 1326 1607
208 1349 1616
209 1357 1625
210 1375 1634
211 1364 1643
212 1377 1652
213 1375 1661
214 1385 1670
215 1398 1679
216 1436 1688
217 1415 1697
218 1435 1706
219 1435 1715
220 1446 1724
221 1448 1733
222 1453 1742
223 1453 1751
224 1469 1760
225 1476 1769
226 1492 1778
227 1493 1787
228 1506 1796
229 1511 1805
230 1514 1814
231 1527 1823
232 1541 1832
233 1534 1841
234 1556 1850
235 1545 1859
236 1546 1868
237 1579 1877
238 1560 1886
239 1598 1895
240 1607 1904
241 1591 1913
242 1614 1922
243 1618 1931
244 1623 1940
245 1649 1949
246 1636 1958
247 1651 1967
248 1660 1976
249 1666 1985
250 1677 1994
251 1679 2003
252 1700 2012
253 1715 2021
254 1711 2030
255 1725 2039
256 1730 2048
257 1739 2058
258 1749 2068
259 1742 2078
260 1747 2088
261 1768 2098
262 1770 2108
263 1787 2118
264 1803 2128
265 1791 2138
266 1800 2148
267 1830 2158
268 1834 2168
269 1831 2178
270 1834 2188
271 1852 2198
272 1861 2208
273 1871 2218
274 1876 2228
275 1896 2238
276 1915 2248
277 1901 2258
278 1911 2268
279 1908 2278
