1 2 0
2 3 0
3 4 1
4 8 1
5 14 4
6 16 4
7 30 6
8 26 5
9 34 6
10 38 6
11 46 9
12 45 12
13 60 12
14 64 14
15 59 13
16 74 12
17 100 15
18 87 14
19 94 18
20 108 15
21 112 19
22 110 18
23 128 23
24 128 28
25 135 31
26 149 23
27 138 24
28 153 24
29 174 31
30 161 31
31 172 31
32 189 34
33 192 39
34 201 36
35 213 38
36 214 40
37 226 38
38 227 39
39 216 36
40 251 48
41 252 41
42 254 53
43 277 51
44 284 49
45 275 60
46 290 53
47 291 54
48 300 56
49 323 57
50 314 59
51 345 64
52 332 59
53 330 72
54 359 60
55 365 68
56 380 60
57 385 64
58 377 68
59 400 70
60 407 76
61 419 75
62 406 84
63 433 79
64 421 62
65 448 83
66 459 82
67 451 81
68 484 91
69 501 87
70 503 88
71 492 94
72 485 86
73 533 98
74 506 74
75 546 92
76 556 88
77 599 111
78 544 101
79 570 96
80 555 110
81 585 92
82 579 106
83 576 123
84 596 109
85 609 118
86 599 119
87 649 115
88 641 113
89 670 124
90 683 105
91 702 123
92 680 128
93 682 98
94 704 127
95 706 128
96 697 130
97 732 134
98 739 129
99 802 146
100 764 124
101 784 145
102 768 138
103 815 131
104 825 148
105 827 137
106 785 140
107 821 142
108 848 149
109 835 133
110 795 133
111 845 146
112 863 143
113 901 155
114 888 155
115 977 179
116 924 154
117 924 159
118 923 150
119 946 155
120 897 157
121 1008 178
122 917 165
123 969 200
124 988 196
125 970 162
126 1031 170
127 1009 179
128 997 174
129 1069 207
130 1055 184
131 1050 162
132 1041 168
133 1091 193
134 1069 197
135 1074 196
136 1062 180
137 1214 190
138 1131 202
139 1124 220
140 1152 221
141 1124 204
142 1127 183
143 1147 215
144 1197 213
145 1188 218
146 1183 215
147 1174 204
148 1167 192
149 1276 230
150 1202 233
151 1212 197
152 1207 191
153 1269 229
154 1255 201
155 1288 209
156 1332 222
157 1287 223
158 1277 269
159 1337 229
160 1330 227
161 1312 248
162 1318 257
163 1359 262
164 1365 229
165 1345 265
166 1409 253
167 1360 213
168 1463 235
169 1537 267
170 1387 271
171 1423 258
172 1452 273
173 1418 245
174 1447 278
175 1427 258
176 1478 249
177 1482 246
178 1553 277
179 1599 270
180 1496 286
181 1558 284
182 1566 259
183 1552 276
184 1587 297
185 1629 293
186 1563 287
187 1598 296
188 1695 289
189 1614 296
190 1606 303
191 1669 297
192 1676 319
193 1841 325
194 1654 256
195 1746 292
196 1682 290
197 1710 291
198 1735 304
199 1694 273
200 1739 329
201 1773 286
202 1724 333
203 1714 299
204 1790 323
205 1773 306
206 1762 304
207 1784 296
208 1962 310
209 1802 317
210 1836 310
211 1830 287
212 1866 317
213 1849 361
214 1894 326
215 1840 345
216 1906 340
217 2007 376
218 2048 355
219 1968 372
220 1943 343
221 1912 307
222 2065 361
223 1940 334
224 1980 371
225 2134 351
226 1938 379
227 2010 343
228 2004 346
229 2076 382
230 2032 395
231 2052 402
232 2114 396
233 2187 416
234 2057 362
235 2057 392
236 2108 391
237 2102 405
238 2098 373
239 2092 396
240 2132 329
241 2136 402
242 2214 380
243 2300 373
244 2187 402
245 2135 386
246 2143 414
247 2224 413
248 2210 376
249 2254 403
250 2213 394
251 2383 364
252 2346 449
253 2324 388
254 2320 411
255 2329 438
256 2267 378
257 2299 414
258 2346 402
259 2292 392
260 2433 450
261 2311 415
262 2314 423
263 2371 409
264 2392 426
265 2489 411
266 2383 433
267 2391 420
268 2428 434
269 2441 477
270 2383 385
271 2438 408
272 2515 434
273 2565 457
274 2737 399
275 2602 471
276 2544 401
277 2578 419
278 2642 487
279 2503 486
