1 0 0
2 3 2
3 6 4
4 15 8
5 15 9
6 23 12
7 33 17
8 42 20
9 45 22
10 58 28
11 68 32
12 73 34
13 75 36
14 100 45
15 105 48
16 121 54
17 141 62
18 141 62
19 159 70
20 164 71
21 183 80
22 190 82
23 205 88
24 211 90
25 229 98
26 243 103
27 254 108
28 268 114
29 256 109
30 290 122
31 316 133
32 319 133
33 321 135
34 360 149
35 362 150
36 383 159
37 398 165
38 412 169
39 433 179
40 439 180
41 477 195
42 473 194
43 481 197
44 509 207
45 505 206
46 550 226
47 533 216
48 533 217
49 596 241
50 601 245
51 629 255
52 628 254
53 660 267
54 640 260
55 681 275
56 712 288
57 718 291
58 731 295
59 691 279
60 760 305
61 755 303
62 750 301
63 796 320
64 824 331
65 862 345
66 868 348
67 891 357
68 911 364
69 910 364
70 930 371
71 937 374
72 985 391
73 971 386
74 1013 404
75 1023 406
76 1020 405
77 1058 419
78 1080 428
79 1099 437
80 1115 440
81 1114 442
82 1168 461
83 1155 459
84 1181 467
85 1203 474
86 1207 476
87 1215 479
88 1260 496
89 1248 490
90 1304 514
91 1312 516
92 1327 523
93 1339 525
94 1357 535
95 1376 540
96 1408 552
97 1427 560
98 1443 565
99 1495 587
100 1477 580
101 1500 590
102 1539 605
103 1512 594
104 1553 607
105 1575 616
106 1609 629
107 1580 619
108 1628 638
109 1668 652
110 1678 655
111 1687 662
112 1706 667
113 1753 685
114 1742 682
115 1781 696
116 1752 682
117 1802 704
118 1797 700
119 1844 717
120 1875 731
121 1895 737
122 1864 727
123 1895 738
124 1979 769
125 1946 760
126 1987 773
127 1981 770
128 2041 794
129 2052 798
130 1988 774
131 2062 802
132 2152 836
133 2122 821
134 2138 829
135 2161 837
136 2217 861
137 2233 866
138 2194 853
139 2273 882
140 2260 878
141 2282 885
142 2314 896
143 2336 902
144 2414 933
145 2364 916
146 2378 919
147 2432 940
148 2418 935
149 2479 960
150 2452 947
151 2535 979
152 2488 962
153 2554 987
154 2581 997
155 2597 1003
156 2628 1014
157 2620 1012
158 2648 1020
159 2680 1033
160 2718 1047
161 2730 1052
162 2751 1060
163 2782 1072
164 2798 1079
165 2817 1084
166 2831 1091
167 2870 1104
168 2861 1103
169 2860 1103
170 2885 1108
171 2923 1124
172 2948 1134
173 3002 1154
174 3029 1164
175 3018 1161
176 3072 1180
177 3048 1170
178 3087 1185
179 3097 1186
180 3099 1189
181 3162 1214
182 3140 1204
183 3136 1206
184 3264 1254
185 3237 1244
186 3198 1227
187 3243 1243
188 3298 1265
189 3353 1285
190 3337 1278
191 3382 1298
192 3384 1296
193 3440 1319
194 3429 1314
195 3421 1310
196 3484 1337
197 3474 1332
198 3491 1338
199 3473 1326
200 3519 1345
201 3575 1368
202 3590 1373
203 3612 1382
204 3643 1393
205 3694 1414
206 3726 1423
207 3675 1408
208 3780 1445
209 3805 1455
210 3796 1452
211 3811 1459
212 3839 1468
213 3824 1462
214 3878 1482
215 3858 1474
216 3949 1508
217 3967 1515
218 3880 1480
219 3935 1499
220 3974 1518
221 4042 1543
222 4043 1545
223 4017 1533
224 4129 1578
225 4100 1568
226 4124 1577
227 4132 1576
228 4180 1596
229 4213 1609
230 4218 1608
231 4246 1620
232 4285 1631
233 4275 1631
234 4299 1637
235 4397 1679
236 4399 1677
237 4396 1675
238 4382 1670
239 4401 1677
240 4436 1689
241 4433 1688
242 4517 1720
243 4470 1706
244 4531 1726
245 4505 1717
246 4595 1749
247 4633 1764
248 4609 1753
249 4622 1762
250 4655 1772
251 4704 1791
252 4684 1784
253 4735 1801
254 4715 1793
255 4776 1816
256 4773 1813
257 4873 1852
258 4858 1849
259 4832 1836
260 4876 1855
261 4927 1874
262 4940 1879
263 5005 1901
264 4947 1879
265 4998 1898
266 5020 1909
267 5079 1932
268 5065 1924
269 5116 1940
270 5128 1949
271 5125 1945
272 5152 1952
273 5225 1980
274 5206 1979
275 5262 1996
276 5230 1983
277 5291 2009
278 5287 2002
279 5297 2007
