1 1 0
2 3 1
3 6 1
4 10 1
5 15 2
6 21 2
7 28 4
8 36 6
9 45 7
10 55 5
11 66 8
12 78 9
13 91 12
14 105 9
15 120 11
16 136 14
17 153 13
18 171 15
19 190 18
20 210 15
21 231 17
22 253 19
23 276 19
24 300 21
25 325 22
26 351 25
27 378 25
28 406 25
29 435 25
30 465 26
31 496 27
32 528 28
33 561 26
34 595 32
35 630 31
36 666 33
37 703 36
38 741 35
39 780 34
40 820 36
41 861 36
42 903 37
43 946 38
44 990 39
45 1035 41
46 1081 39
47 1128 44
48 1176 42
49 1225 44
50 1275 46
51 1326 47
52 1378 47
53 1431 46
54 1485 51
55 1540 51
56 1596 50
57 1653 53
58 1711 53
59 1770 52
60 1830 58
61 1891 55
62 1953 59
63 2016 57
64 2080 59
65 2145 58
66 2211 61
67 2278 62
68 2346 66
69 2415 65
70 2485 67
71 2556 67
72 2628 65
73 2701 69
74 2775 72
75 2850 72
76 2926 71
77 3003 72
78 3081 72
79 3160 75
80 3240 74
81 3321 74
82 3403 77
83 3486 77
84 3570 80
85 3655 81
86 3741 81
87 3828 82
88 3916 85
89 4005 85
90 4095 83
91 4186 88
92 4278 88
93 4371 83
94 4465 89
95 4560 92
96 4656 92
97 4753 91
98 4851 96
99 4950 93
100 5050 93
101 5151 94
102 5253 100
103 5356 98
104 5460 98
105 5565 99
106 5671 101
107 5778 105
108 5886 99
109 5995 106
110 6105 101
111 6216 108
112 6328 105
113 6441 109
114 6555 108
115 6670 107
116 6786 110
117 6903 112
118 7021 113
119 7140 114
120 7260 116
121 7381 115
122 7503 116
123 7626 119
124 7750 119
125 7875 121
126 8001 119
127 8128 120
128 8256 122
129 8385 124
130 8515 123
131 8646 125
132 8778 127
133 8911 123
134 9045 125
135 9180 130
136 9316 128
137 9453 132
138 9591 128
139 9730 131
140 9870 135
141 10011 134
142 10153 140
143 10296 139
144 10440 139
145 10585 142
146 10731 138
147 10878 144
148 11026 145
149 11175 144
150 11325 144
151 11476 145
152 11628 144
153 11781 144
154 11935 145
155 12090 152
156 12246 151
157 12403 150
158 12561 148
159 12720 149
160 12880 157
161 13041 156
162 13203 156
163 13366 159
164 13530 158
165 13695 158
166 13861 161
167 14028 161
168 14196 163
169 14365 165
170 14535 162
171 14706 163
172 14878 169
173 15051 167
174 15225 165
175 15400 172
176 15576 172
177 15753 171
178 15931 172
179 16110 174
180 16290 174
181 16471 174
182 16653 179
183 16836 178
184 17020 180
185 17205 180
186 17391 179
187 17578 182
188 17766 180
189 17955 183
190 18145 179
191 18336 185
192 18528 186
193 18721 186
194 18915 188
195 19110 187
196 19306 190
197 19503 191
198 19701 187
199 19900 194
200 20100 188
201 20301 194
202 20503 199
203 20706 200
204 20910 196
205 21115 197
206 21321 195
207 21528 203
208 21736 200
209 21945 200
210 22155 206
211 22366 203
212 22578 209
213 22791 210
214 23005 205
215 23220 210
216 23436 211
217 23653 211
218 23871 212
219 24090 213
220 24310 213
221 24531 214
222 24753 217
223 24976 217
224 25200 222
225 25425 219
226 25651 218
227 25878 220
228 26106 217
229 26335 223
230 26565 223
231 26796 223
232 27028 228
233 27261 225
234 27495 228
235 27730 229
236 27966 232
237 28203 228
238 28441 230
239 28680 236
240 28920 231
241 29161 234
242 29403 234
243 29646 236
244 29890 237
245 30135 240
246 30381 243
247 30628 241
248 30876 243
249 31125 244
250 31375 247
251 31626 245
252 31878 246
253 32131 244
254 32385 248
255 32640 247
256 32896 252
257 33153 250
258 33411 250
259 33670 252
260 33930 250
261 34191 253
262 34453 255
263 34716 259
264 34980 258
265 35245 260
266 35511 258
267 35778 260
268 36046 261
269 36315 264
270 36585 264
271 36856 261
272 37128 264
273 37401 263
274 37675 267
275 37950 265
276 38226 269
277 38503 271
278 38781 275
279 39060 274
