1 0 0
2 1 0
3 3 4
4 5 5
5 8 6
6 15 4
7 15 14
8 17 21
9 28 18
10 27 36
11 34 37
12 36 48
13 44 50
14 62 49
15 81 44
16 77 69
17 68 98
18 92 89
19 97 108
20 119 99
21 126 116
22 155 114
23 130 163
24 169 151
25 159 183
26 182 181
27 199 202
28 197 223
29 206 248
30 255 236
31 274 247
32 218 336
33 317 267
34 291 330
35 296 367
36 367 331
37 316 416
38 359 414
39 375 436
40 487 361
41 382 512
42 502 441
43 494 487
44 562 462
45 522 554
46 578 541
47 539 630
48 614 604
49 556 706
50 674 641
51 662 711
52 765 655
53 747 731
54 788 741
55 804 779
56 734 912
57 859 843
58 895 864
59 933 890
60 985 897
61 1065 879
62 1026 981
63 1038 1029
64 1035 1101
65 1149 1057
66 1133 1140
67 1272 1063
68 1075 1331
69 1361 1113
70 1273 1270
71 1177 1440
72 1353 1339
73 1478 1284
74 1394 1441
75 1718 1195
76 1421 1571
77 1573 1499
78 1633 1516
79 1633 1592
80 1721 1585
81 1641 1743
82 1587 1880
83 1792 1769
84 1853 1791
85 1705 2021
86 2054 1767
87 1825 2074
88 1939 2057
89 1913 2173
90 1961 2218
91 2192 2075
92 2175 2181
93 2269 2191
94 2158 2395
95 2408 2237
96 2328 2414
97 2457 2385
98 2307 2634
99 2370 2669
100 2994 2146
101 2734 2508
102 2655 2686
103 2594 2857
104 2986 2570
105 2806 2854
106 3106 2651
107 2932 2941
108 3094 2888
109 3248 2848
110 3114 3095
111 3310 3011
112 2965 3463
113 3253 3299
114 3370 3285
115 3394 3377
116 3606 3280
117 3607 3405
118 3443 3686
119 3832 3419
120 3580 3788
121 3813 3683
122 4326 3287
123 3685 4060
124 4121 3737
