1 0 0
2 1 0
3 3 3
4 4 3
5 7 2
6 11 17
7 12 11
8 16 26
9 19 25
10 22 37
11 26 43
12 29 38
13 31 31
14 37 41
15 41 70
16 45 76
17 51 100
18 52 106
19 58 90
20 63 94
21 64 83
22 74 175
23 75 171
24 82 179
25 85 176
26 88 171
27 93 235
28 99 184
29 105 209
30 106 263
31 115 236
32 117 263
33 127 329
34 129 280
35 134 371
36 138 352
37 140 384
38 149 355
39 151 356
40 164 466
41 167 444
42 173 510
43 179 429
44 183 478
45 190 588
46 196 596
47 194 554
48 209 620
49 209 651
50 216 614
51 219 645
52 230 623
53 235 722
54 245 848
55 242 771
56 252 733
57 258 857
58 266 827
59 272 950
60 273 1020
61 281 972
62 295 1058
63 299 1096
64 298 1093
65 304 1158
66 313 1147
67 319 1164
68 323 1146
69 330 1228
70 334 1151
71 345 1386
72 350 1199
73 356 1388
74 364 1443
75 370 1462
76 374 1506
77 381 1523
78 392 1438
79 391 1698
80 397 1609
81 404 1593
82 415 1746
83 413 1647
84 426 1858
85 430 1897
86 437 1959
87 443 1799
88 451 2024
89 451 1925
90 461 2152
91 464 2222
92 478 2171
93 486 2398
94 491 2156
95 495 2217
96 500 2398
97 510 2203
98 521 2536
99 527 2643
100 527 2666
101 542 2569
102 544 2656
103 550 2430
104 561 2735
105 562 2589
106 560 2909
107 585 2793
108 581 3038
109 591 3416
110 600 3199
111 613 3283
112 603 3066
113 621 3246
114 621 3463
115 631 3083
116 640 3298
117 643 3683
118 657 3593
119 663 3466
120 666 3714
121 669 3428
122 678 3995
123 690 3638
124 698 3926
125 703 4313
126 706 3863
127 722 4286
128 722 4488
129 732 4532
130 729 4439
131 749 4002
132 756 4575
133 765 4886
134 769 4886
135 774 5148
136 778 4519
137 792 4811
138 790 4476
139 808 5006
140 813 4831
141 816 5647
142 811 4966
143 829 4699
144 845 5505
145 839 5635
146 852 5809
147 869 5579
148 869 6169
149 879 5684
150 887 5388
151 879 6045
152 901 6103
153 898 5582
154 910 6293
155 924 5966
156 922 6245
157 923 6079
158 941 6034
159 943 6236
160 950 6889
161 957 7055
162 967 6739
163 978 6578
164 982 6383
165 996 7535
166 1002 7911
167 1010 7183
168 1022 7076
169 1031 7039
170 1026 7543
171 1036 8148
172 1045 7838
173 1041 7775
174 1052 8048
175 1057 7802
176 1074 8127
177 1078 8492
178 1092 8509
179 1093 7218
180 1101 8229
181 1113 7977
182 1117 8236
183 1135 8655
184 1127 8458
185 1143 8451
186 1154 8433
187 1159 9396
188 1161 9255
189 1179 9726
190 1177 9772
191 1185 9034
192 1193 9709
193 1198 9743
194 1209 9565
195 1214 9649
196 1227 10587
197 1228 9913
198 1246 10130
199 1252 8994
200 1254 9328
201 1269 10360
202 1271 9841
203 1282 10672
204 1278 10226
205 1306 10174
206 1297 10715
207 1310 11311
208 1325 11482
209 1338 11937
210 1330 11600
211 1346 11400
212 1367 11430
213 1355 11269
214 1368 11759
215 1380 11806
216 1388 11917
217 1392 12594
218 1402 11627
219 1406 12806
220 1423 13359
221 1424 12575
222 1415 12020
223 1443 12284
224 1438 12134
225 1450 12519
226 1451 14091
227 1468 12764
228 1485 13378
229 1481 13815
230 1486 13494
231 1507 13765
232 1510 13487
233 1510 13357
234 1535 15152
235 1537 14543
236 1533 14300
237 1551 14779
238 1558 14072
239 1577 14622
240 1569 14676
241 1575 15219
242 1586 13893
243 1600 14439
244 1607 14655
245 1622 15883
246 1622 14555
247 1619 15377
248 1628 15411
249 1635 15941
250 1655 15726
251 1658 16484
252 1664 16634
253 1687 16704
254 1674 16528
255 1686 15170
256 1710 16463
257 1719 16537
258 1709 16706
259 1726 17214
260 1724 16674
261 1746 16787
262 1742 16870
263 1758 16629
264 1772 17398
265 1769 17221
266 1774 17842
267 1782 18129
268 1810 16856
269 1811 19317
270 1808 18084
271 1817 19128
272 1824 19098
273 1831 18433
274 1853 18084
275 1861 18493
276 1857 19720
277 1864 18518
278 1876 18968
279 1877 19715
