1 0 0
2 1 0
3 4 1
4 6 1
5 20 7
6 25 9
7 36 13
8 35 15
9 56 22
10 81 35
11 80 27
12 110 47
13 96 37
14 143 44
15 126 55
16 150 50
17 224 56
18 238 89
19 270 75
20 323 106
21 360 97
22 378 116
23 418 111
24 460 109
25 504 159
26 375 133
27 468 184
28 648 224
29 532 177
30 638 205
31 900 244
32 899 234
33 960 291
34 1089 333
35 986 349
36 1085 336
37 1224 356
38 999 369
39 1216 434
40 1326 390
41 1440 493
42 1435 449
43 1386 435
44 1462 454
45 1452 485
46 1665 473
47 1610 509
48 1739 486
49 2208 601
50 1764 649
51 2100 614
52 2499 713
53 2340 730
54 2385 804
55 2646 654
56 2420 702
57 2520 775
58 2394 666
59 3074 862
60 3186 846
61 3240 1038
62 3599 1021
63 3224 1027
64 3402 851
65 3264 956
66 3705 1204
67 3234 1193
68 4087 1294
69 4080 1186
70 4554 1120
71 4130 1255
72 4331 1456
73 3600 1290
74 4526 1262
75 4588 1491
76 4725 1267
77 5396 1537
78 5159 1526
79 5460 1526
80 6241 1521
81 5120 1507
82 5265 1691
83 5740 1593
84 6225 1477
85 7056 1976
86 6715 1737
87 6278 1897
88 6612 1900
89 7128 1943
90 7476 1892
91 6840 1898
92 7371 2206
93 6624 2293
94 7254 2249
95 8366 2214
96 8075 2248
97 7200 2121
98 7954 2407
99 8624 2267
100 8811 2646
101 8700 2674
102 8585 2476
103 8466 2387
104 9270 2757
105 10296 2641
106 8820 2788
107 10388 2960
108 11342 2896
109 11016 2959
110 10682 3038
111 11770 3093
112 10101 2882
113 11872 3033
114 10283 2860
115 11856 3206
116 11845 3425
117 11716 3735
118 12987 3713
119 12744 3364
120 11305 3451
121 12120 3633
122 11737 3433
123 13542 3538
124 12792 3381
