1 0 0
2 1 1
3 3 2
4 6 1
5 10 7
6 15 8
7 21 14
8 28 19
9 36 16
10 45 26
11 55 32
12 66 41
13 78 39
14 91 34
15 105 47
16 120 68
17 136 96
18 153 65
19 171 109
20 190 123
21 210 153
22 231 83
23 253 131
24 276 142
25 300 150
26 325 183
27 351 197
28 378 134
29 406 138
30 435 203
31 465 292
32 496 310
33 528 282
34 561 280
35 595 360
36 630 337
37 666 318
38 703 373
39 741 401
40 780 444
41 820 375
42 861 407
43 903 390
44 946 442
45 990 510
46 1035 561
47 1081 563
48 1128 548
49 1176 545
50 1225 595
51 1275 656
52 1326 632
53 1378 792
54 1431 734
55 1485 735
56 1540 841
57 1596 888
58 1653 939
59 1711 904
60 1770 919
61 1830 850
62 1891 930
63 1953 952
64 2016 968
65 2080 1033
66 2145 900
67 2211 1053
68 2278 1100
69 2346 1049
70 2415 1227
71 2485 1322
72 2556 1264
73 2628 1428
74 2701 1328
75 2775 1292
76 2850 1377
77 2926 1340
78 3003 1489
79 3081 1320
80 3160 1549
81 3240 1653
82 3321 1786
83 3403 1707
84 3486 1826
85 3570 1940
86 3655 1826
87 3741 1790
88 3828 1921
89 3916 1902
90 4005 2184
91 4095 1999
92 4186 2341
93 4278 2163
94 4371 2152
95 4465 2325
96 4560 2328
97 4656 2402
98 4753 2232
99 4851 2339
100 4950 2411
101 5050 2581
102 5151 2882
103 5253 2387
104 5356 2741
105 5460 2532
106 5565 2786
107 5671 2650
108 5778 2803
109 5886 2767
110 5995 2883
111 6105 3306
112 6216 3068
113 6328 3047
114 6441 3494
115 6555 3160
116 6670 3399
117 6786 3645
118 6903 3225
