1 0 0
2 1 2
3 3 5
4 5 9
5 8 14
6 11 20
7 14 27
8 17 35
9 21 44
10 25 54
11 29 65
12 33 77
13 37 90
14 41 104
15 45 119
16 49 135
17 54 152
18 59 170
19 64 189
20 69 209
21 74 230
22 79 252
23 84 275
24 89 299
25 94 324
26 99 350
27 104 377
28 109 405
29 114 434
30 119 464
31 124 495
32 129 527
33 135 560
34 141 594
35 147 629
36 153 665
37 159 702
38 165 740
39 171 779
40 177 819
41 183 860
42 189 902
43 195 945
44 201 989
45 207 1034
46 213 1080
47 219 1127
48 225 1175
49 231 1224
50 237 1274
51 243 1325
52 249 1377
53 255 1430
54 261 1484
55 267 1539
56 273 1595
57 279 1652
58 285 1710
59 291 1769
60 297 1829
61 303 1890
62 309 1952
63 315 2015
64 321 2079
65 328 2144
66 335 2210
67 342 2277
68 349 2345
69 356 2414
70 363 2484
71 370 2555
72 377 2627
73 384 2700
74 391 2774
75 398 2849
76 405 2925
77 412 3002
78 419 3080
79 426 3159
80 433 3239
81 440 3320
82 447 3402
83 454 3485
84 461 3569
85 468 3654
86 475 3740
87 482 3827
88 489 3915
89 496 4004
90 503 4094
91 510 4185
92 517 4277
93 524 4370
94 531 4464
95 538 4559
