1 0 1
2 1 2
3 2 5
4 4 8
5 5 12
6 7 16
7 9 20
8 12 24
9 13 29
10 15 34
11 17 39
12 20 44
13 22 49
14 25 54
15 28 59
16 32 64
17 33 70
18 35 76
19 37 82
20 40 88
21 42 94
22 45 100
23 48 106
24 52 112
25 54 118
26 57 124
27 60 130
28 64 136
29 67 142
30 71 148
31 75 154
32 80 160
33 81 167
34 83 174
35 85 181
36 88 188
37 90 195
38 93 202
39 96 209
40 100 216
41 102 223
42 105 230
43 108 237
44 112 244
45 115 251
46 119 258
47 123 265
48 128 272
49 130 279
50 133 286
51 136 293
52 140 300
53 143 307
54 147 314
55 151 321
56 156 328
57 159 335
58 163 342
59 167 349
60 172 356
61 176 363
62 181 370
63 186 377
64 192 384
65 193 392
66 195 400
67 197 408
68 200 416
69 202 424
70 205 432
71 208 440
72 212 448
73 214 456
74 217 464
75 220 472
76 224 480
77 227 488
78 231 496
79 235 504
80 240 512
81 242 520
82 245 528
83 248 536
84 252 544
85 255 552
86 259 560
87 263 568
88 268 576
89 271 584
90 275 592
91 279 600
92 284 608
93 288 616
94 293 624
95 298 632
96 304 640
97 306 648
98 309 656
99 312 664
100 316 672
101 319 680
102 323 688
103 327 696
104 332 704
105 335 712
106 339 720
107 343 728
108 348 736
109 352 744
110 357 752
111 362 760
112 368 768
113 371 776
114 375 784
115 379 792
116 384 800
117 388 808
118 393 816
119 398 824
120 404 832
121 408 840
122 413 848
123 418 856
124 424 864
125 429 872
126 435 880
127 441 888
128 448 896
129 449 905
130 451 914
131 453 923
132 456 932
133 458 941
134 461 950
135 464 959
136 468 968
137 470 977
138 473 986
139 476 995
140 480 1004
141 483 1013
142 487 1022
143 491 1031
144 496 1040
145 498 1049
146 501 1058
147 504 1067
148 508 1076
149 511 1085
150 515 1094
151 519 1103
152 524 1112
153 527 1121
154 531 1130
155 535 1139
156 540 1148
157 544 1157
158 549 1166
159 554 1175
160 560 1184
161 562 1193
162 565 1202
163 568 1211
164 572 1220
165 575 1229
166 579 1238
167 583 1247
168 588 1256
169 591 1265
170 595 1274
171 599 1283
172 604 1292
173 608 1301
174 613 1310
175 618 1319
176 624 1328
177 627 1337
178 631 1346
179 635 1355
180 640 1364
181 644 1373
182 649 1382
183 654 1391
184 660 1400
185 664 1409
186 669 1418
187 674 1427
188 680 1436
189 685 1445
190 691 1454
191 697 1463
192 704 1472
193 706 1481
194 709 1490
195 712 1499
196 716 1508
197 719 1517
198 723 1526
199 727 1535
200 732 1544
201 735 1553
202 739 1562
203 743 1571
204 748 1580
205 752 1589
206 757 1598
207 762 1607
208 768 1616
209 771 1625
210 775 1634
211 779 1643
212 784 1652
213 788 1661
214 793 1670
215 798 1679
216 804 1688
217 808 1697
218 813 1706
219 818 1715
220 824 1724
221 829 1733
222 835 1742
223 841 1751
224 848 1760
225 851 1769
226 855 1778
227 859 1787
228 864 1796
229 868 1805
230 873 1814
231 878 1823
232 884 1832
233 888 1841
234 893 1850
235 898 1859
236 904 1868
237 909 1877
238 915 1886
239 921 1895
240 928 1904
241 932 1913
242 937 1922
243 942 1931
244 948 1940
245 953 1949
246 959 1958
247 965 1967
248 972 1976
249 977 1985
250 983 1994
251 989 2003
252 996 2012
253 1002 2021
254 1009 2030
255 1016 2039
256 1024 2048
257 1025 2058
258 1027 2068
259 1029 2078
260 1032 2088
261 1034 2098
262 1037 2108
263 1040 2118
264 1044 2128
265 1046 2138
266 1049 2148
267 1052 2158
268 1056 2168
269 1059 2178
270 1063 2188
271 1067 2198
272 1072 2208
273 1074 2218
274 1077 2228
275 1080 2238
276 1084 2248
277 1087 2258
278 1091 2268
279 1095 2278
