1 2 0
2 2 1
3 4 1
4 10 2
5 12 2
6 14 3
7 16 3
8 24 4
9 26 4
10 34 5
11 36 5
12 40 6
13 42 6
14 46 7
15 48 7
16 58 8
17 60 8
18 70 9
19 72 9
20 82 10
21 84 10
22 94 11
23 96 11
24 102 12
25 104 12
26 110 13
27 112 13
28 118 14
29 120 14
30 126 15
31 128 15
32 140 16
33 142 16
34 154 17
35 156 17
36 168 18
37 170 18
38 182 19
39 184 19
40 196 20
41 198 20
42 210 21
43 212 21
44 224 22
45 226 22
46 238 23
47 240 23
48 248 24
49 250 24
50 258 25
51 260 25
52 268 26
53 270 26
54 278 27
55 280 27
56 288 28
57 290 28
58 298 29
59 300 29
60 308 30
61 310 30
62 318 31
63 320 31
64 334 32
65 336 32
66 350 33
67 352 33
68 366 34
69 368 34
70 382 35
71 384 35
72 398 36
73 400 36
74 414 37
75 416 37
76 430 38
77 432 38
78 446 39
79 448 39
80 462 40
81 464 40
82 478 41
83 480 41
84 494 42
85 496 42
86 510 43
87 512 43
88 526 44
89 528 44
90 542 45
91 544 45
92 558 46
93 560 46
94 574 47
95 576 47
96 586 48
97 588 48
98 598 49
99 600 49
100 610 50
101 612 50
102 622 51
103 624 51
104 634 52
105 636 52
106 646 53
107 648 53
108 658 54
109 660 54
110 670 55
111 672 55
112 682 56
113 684 56
114 694 57
115 696 57
116 706 58
117 708 58
118 718 59
119 720 59
120 730 60
121 732 60
122 742 61
123 744 61
124 754 62
125 756 62
126 766 63
127 768 63
128 784 64
129 786 64
130 802 65
131 804 65
132 820 66
133 822 66
134 838 67
135 840 67
136 856 68
137 858 68
138 874 69
139 876 69
140 892 70
141 894 70
142 910 71
143 912 71
144 928 72
145 930 72
146 946 73
147 948 73
148 964 74
149 966 74
150 982 75
151 984 75
152 1000 76
153 1002 76
154 1018 77
155 1020 77
156 1036 78
157 1038 78
158 1054 79
159 1056 79
160 1072 80
161 1074 80
162 1090 81
163 1092 81
164 1108 82
165 1110 82
166 1126 83
167 1128 83
168 1144 84
169 1146 84
170 1162 85
171 1164 85
172 1180 86
173 1182 86
174 1198 87
175 1200 87
176 1216 88
177 1218 88
178 1234 89
179 1236 89
180 1252 90
181 1254 90
182 1270 91
183 1272 91
184 1288 92
185 1290 92
186 1306 93
187 1308 93
188 1324 94
189 1326 94
190 1342 95
191 1344 95
192 1356 96
193 1358 96
194 1370 97
195 1372 97
196 1384 98
197 1386 98
198 1398 99
199 1400 99
200 1412 100
201 1414 100
202 1426 101
203 1428 101
204 1440 102
205 1442 102
206 1454 103
207 1456 103
208 1468 104
209 1470 104
210 1482 105
211 1484 105
212 1496 106
213 1498 106
214 1510 107
215 1512 107
216 1524 108
217 1526 108
218 1538 109
219 1540 109
220 1552 110
221 1554 110
222 1566 111
223 1568 111
224 1580 112
225 1582 112
226 1594 113
227 1596 113
228 1608 114
229 1610 114
230 1622 115
231 1624 115
232 1636 116
233 1638 116
234 1650 117
235 1652 117
236 1664 118
237 1666 118
238 1678 119
239 1680 119
240 1692 120
241 1694 120
242 1706 121
243 1708 121
244 1720 122
245 1722 122
246 1734 123
247 1736 123
248 1748 124
249 1750 124
250 1762 125
251 1764 125
252 1776 126
253 1778 126
254 1790 127
255 1792 127
256 1810 128
257 1812 128
258 1830 129
259 1832 129
260 1850 130
261 1852 130
262 1870 131
263 1872 131
264 1890 132
265 1892 132
266 1910 133
267 1912 133
268 1930 134
269 1932 134
270 1950 135
271 1952 135
272 1970 136
273 1972 136
274 1990 137
275 1992 137
276 2010 138
277 2012 138
278 2030 139
279 2032 139
