1 1 0
2 3 1
3 6 1
4 10 2
5 15 2
6 21 3
7 28 3
8 36 4
9 45 4
10 55 5
11 66 5
12 78 6
13 91 6
14 105 7
15 120 7
16 136 8
17 153 8
18 171 9
19 190 9
20 210 10
21 231 10
22 253 11
23 276 11
24 300 12
25 325 12
26 351 13
27 378 13
28 406 14
29 435 14
30 465 15
31 496 15
32 528 16
33 561 16
34 595 17
35 630 17
36 666 18
37 703 18
38 741 19
39 780 19
40 820 20
41 861 20
42 903 21
43 946 21
44 990 22
45 1035 22
46 1081 23
47 1128 23
48 1176 24
49 1225 24
50 1275 25
51 1326 25
52 1378 26
53 1431 26
54 1485 27
55 1540 27
56 1596 28
57 1653 28
58 1711 29
59 1770 29
60 1830 30
61 1891 30
62 1953 31
63 2016 31
64 2080 32
65 2145 32
66 2211 33
67 2278 33
68 2346 34
69 2415 34
70 2485 35
71 2556 35
72 2628 36
73 2701 36
74 2775 37
75 2850 37
76 2926 38
77 3003 38
78 3081 39
79 3160 39
80 3240 40
81 3321 40
82 3403 41
83 3486 41
84 3570 42
85 3655 42
86 3741 43
87 3828 43
88 3916 44
89 4005 44
90 4095 45
91 4186 45
92 4278 46
93 4371 46
94 4465 47
95 4560 47
96 4656 48
97 4753 48
98 4851 49
99 4950 49
100 5050 50
101 5151 50
102 5253 51
103 5356 51
104 5460 52
105 5565 52
106 5671 53
107 5778 53
108 5886 54
109 5995 54
110 6105 55
111 6216 55
112 6328 56
113 6441 56
114 6555 57
115 6670 57
116 6786 58
117 6903 58
118 7021 59
119 7140 59
120 7260 60
121 7381 60
122 7503 61
123 7626 61
124 7750 62
125 7875 62
126 8001 63
127 8128 63
128 8256 64
129 8385 64
130 8515 65
131 8646 65
132 8778 66
133 8911 66
134 9045 67
135 9180 67
136 9316 68
137 9453 68
138 9591 69
139 9730 69
140 9870 70
141 10011 70
142 10153 71
143 10296 71
144 10440 72
145 10585 72
146 10731 73
147 10878 73
148 11026 74
149 11175 74
150 11325 75
151 11476 75
152 11628 76
153 11781 76
154 11935 77
155 12090 77
156 12246 78
157 12403 78
158 12561 79
159 12720 79
160 12880 80
161 13041 80
162 13203 81
163 13366 81
164 13530 82
165 13695 82
166 13861 83
167 14028 83
168 14196 84
169 14365 84
170 14535 85
171 14706 85
172 14878 86
173 15051 86
174 15225 87
175 15400 87
176 15576 88
177 15753 88
178 15931 89
179 16110 89
180 16290 90
181 16471 90
182 16653 91
183 16836 91
184 17020 92
185 17205 92
186 17391 93
187 17578 93
188 17766 94
189 17955 94
190 18145 95
191 18336 95
192 18528 96
193 18721 96
194 18915 97
195 19110 97
196 19306 98
197 19503 98
198 19701 99
199 19900 99
200 20100 100
201 20301 100
202 20503 101
203 20706 101
204 20910 102
205 21115 102
206 21321 103
207 21528 103
208 21736 104
209 21945 104
210 22155 105
211 22366 105
212 22578 106
213 22791 106
214 23005 107
215 23220 107
216 23436 108
217 23653 108
218 23871 109
219 24090 109
220 24310 110
221 24531 110
222 24753 111
223 24976 111
224 25200 112
225 25425 112
226 25651 113
227 25878 113
228 26106 114
229 26335 114
230 26565 115
231 26796 115
232 27028 116
233 27261 116
234 27495 117
235 27730 117
236 27966 118
237 28203 118
238 28441 119
239 28680 119
240 28920 120
241 29161 120
242 29403 121
243 29646 121
244 29890 122
245 30135 122
246 30381 123
247 30628 123
248 30876 124
249 31125 124
250 31375 125
251 31626 125
252 31878 126
253 32131 126
254 32385 127
255 32640 127
256 32896 128
257 33153 128
258 33411 129
259 33670 129
260 33930 130
261 34191 130
262 34453 131
263 34716 131
264 34980 132
265 35245 132
266 35511 133
267 35778 133
268 36046 134
269 36315 134
270 36585 135
271 36856 135
272 37128 136
273 37401 136
274 37675 137
275 37950 137
276 38226 138
277 38503 138
278 38781 139
279 39060 139
