1 0 0
2 3 2
3 4 3
4 13 7
5 10 6
6 14 8
7 22 12
8 35 17
9 38 19
10 45 22
11 51 25
12 62 29
13 69 32
14 77 36
15 89 41
16 105 47
17 106 48
18 111 50
19 129 57
20 151 65
21 150 66
22 155 68
23 168 73
24 191 81
25 191 82
26 206 88
27 212 91
28 238 101
29 239 102
30 246 104
31 268 113
32 288 121
33 282 118
34 296 124
35 319 133
36 340 141
37 346 144
38 349 146
39 360 149
40 385 159
41 385 158
42 413 170
43 433 177
44 461 189
45 450 184
46 468 192
47 471 193
48 487 199
49 504 206
50 516 210
51 529 215
52 559 227
53 562 228
54 586 238
55 602 243
56 615 249
57 604 244
58 638 258
59 645 259
60 678 273
61 672 270
62 700 282
63 705 283
64 745 299
65 742 298
66 765 306
67 784 313
68 798 319
69 800 320
70 808 322
71 838 335
72 854 339
73 858 342
74 878 350
75 902 359
76 920 365
77 931 370
78 960 380
79 970 385
80 975 387
81 1000 396
82 1011 400
83 1030 407
84 1049 415
85 1057 418
86 1073 424
87 1087 429
88 1115 439
89 1135 448
90 1161 456
91 1169 461
92 1191 469
93 1214 478
94 1203 472
95 1214 477
96 1233 485
97 1266 498
98 1261 494
99 1286 505
100 1302 511
101 1335 524
102 1344 526
103 1367 535
104 1379 539
105 1405 550
106 1419 554
107 1445 565
108 1449 567
109 1473 576
110 1483 580
111 1498 585
112 1530 597
113 1560 608
114 1567 610
115 1592 621
116 1608 627
117 1615 630
118 1635 636
119 1636 637
120 1663 647
121 1681 654
122 1704 662
123 1703 661
124 1730 673
125 1753 682
126 1759 684
127 1772 689
128 1809 703
129 1830 712
130 1840 714
131 1856 719
132 1878 729
133 1899 736
134 1929 748
135 1934 747
136 1980 767
137 1998 774
138 1989 770
139 2009 777
140 2044 791
141 2048 792
142 2075 802
143 2059 795
144 2114 817
145 2141 826
146 2152 832
147 2154 831
148 2175 841
149 2206 852
150 2214 854
151 2233 859
152 2267 875
153 2290 882
154 2304 888
155 2310 889
156 2354 909
157 2335 898
158 2357 908
159 2399 925
160 2428 937
161 2437 936
162 2439 938
163 2466 949
164 2507 965
165 2508 964
166 2541 978
167 2540 975
168 2562 985
169 2578 990
170 2615 1004
171 2619 1005
172 2656 1021
173 2650 1016
174 2674 1026
175 2684 1029
176 2751 1057
177 2728 1046
178 2758 1058
179 2784 1069
180 2808 1079
181 2810 1074
182 2836 1086
183 2872 1099
184 2929 1123
185 2924 1120
186 2907 1114
187 2939 1125
188 2985 1143
189 2987 1144
190 2993 1146
191 3024 1157
192 3058 1171
193 3052 1168
194 3046 1166
195 3052 1167
196 3120 1195
197 3126 1194
198 3152 1204
199 3151 1203
200 3205 1227
201 3186 1214
202 3220 1230
203 3254 1243
204 3285 1257
205 3296 1256
206 3316 1266
207 3344 1275
208 3391 1295
209 3390 1290
210 3406 1300
211 3421 1305
212 3463 1321
213 3441 1312
214 3462 1318
215 3508 1337
216 3549 1355
217 3520 1338
218 3565 1358
219 3566 1359
220 3650 1389
221 3617 1376
222 3647 1388
223 3651 1389
224 3711 1413
225 3722 1414
226 3725 1418
227 3742 1425
228 3767 1433
229 3791 1442
230 3823 1454
231 3843 1461
232 3877 1475
233 3882 1474
234 3893 1480
235 3917 1489
236 3950 1501
237 3967 1506
238 3963 1506
239 3948 1499
240 4068 1547
241 4039 1532
242 4056 1540
243 4038 1533
244 4095 1555
245 4093 1554
246 4109 1558
247 4135 1569
248 4186 1589
249 4181 1586
250 4228 1606
251 4227 1605
252 4267 1621
253 4258 1614
254 4301 1632
255 4316 1637
256 4384 1663
257 4367 1654
258 4367 1654
259 4381 1661
260 4444 1685
261 4452 1686
262 4463 1690
263 4490 1701
264 4525 1715
265 4538 1718
266 4556 1726
267 4568 1731
268 4624 1751
269 4619 1748
270 4627 1752
271 4666 1765
272 4741 1795
273 4729 1790
274 4711 1782
275 4744 1795
276 4780 1809
277 4787 1810
278 4822 1822
279 4855 1837
