1 0 0
2 2 1
3 6 3
4 12 6
5 20 10
6 30 15
7 42 21
8 56 28
9 72 36
10 90 45
11 110 55
12 132 66
13 156 78
14 182 91
15 210 105
16 240 120
17 272 136
18 306 153
19 342 171
20 380 190
21 420 210
22 462 231
23 506 253
24 552 276
25 600 300
26 650 325
27 702 351
28 756 378
29 812 406
30 870 435
31 930 465
32 992 496
33 1056 528
34 1122 561
35 1190 595
36 1260 630
37 1332 666
38 1406 703
39 1482 741
40 1560 780
41 1640 820
42 1722 861
43 1806 903
44 1892 946
45 1980 990
46 2070 1035
47 2162 1081
48 2256 1128
49 2352 1176
50 2450 1225
51 2550 1275
52 2652 1326
53 2756 1378
54 2862 1431
55 2970 1485
56 3080 1540
57 3192 1596
58 3306 1653
59 3422 1711
60 3540 1770
61 3660 1830
62 3782 1891
63 3906 1953
64 4032 2016
65 4160 2080
66 4290 2145
67 4422 2211
68 4556 2278
69 4692 2346
70 4830 2415
71 4970 2485
72 5112 2556
73 5256 2628
74 5402 2701
75 5550 2775
76 5700 2850
77 5852 2926
78 6006 3003
79 6162 3081
80 6320 3160
81 6480 3240
82 6642 3321
83 6806 3403
84 6972 3486
85 7140 3570
86 7310 3655
87 7482 3741
