1 0 0
2 1 2
3 2 5
4 3 9
5 4 14
6 5 20
7 6 27
8 7 35
9 8 44
10 9 54
11 10 65
12 11 77
13 12 90
14 13 104
15 14 119
16 15 135
17 16 152
18 17 170
19 18 189
20 19 209
21 20 230
22 21 252
23 22 275
24 23 299
25 24 324
26 25 350
27 26 377
28 27 405
29 28 434
30 29 464
31 30 495
32 31 527
33 32 560
34 33 594
35 34 629
36 35 665
37 36 702
38 37 740
39 38 779
40 39 819
41 40 860
42 41 902
43 42 945
44 43 989
45 44 1034
46 45 1080
47 46 1127
48 47 1175
49 48 1224
50 49 1274
51 50 1325
52 51 1377
53 52 1430
54 53 1484
55 54 1539
56 55 1595
57 56 1652
58 57 1710
59 58 1769
60 59 1829
61 60 1890
62 61 1952
63 62 2015
64 63 2079
65 64 2144
66 65 2210
67 66 2277
68 67 2345
69 68 2414
70 69 2484
71 70 2555
72 71 2627
73 72 2700
74 73 2774
75 74 2849
76 75 2925
77 76 3002
78 77 3080
79 78 3159
80 79 3239
81 80 3320
82 81 3402
83 82 3485
84 83 3569
85 84 3654
86 85 3740
87 86 3827
88 87 3915
89 88 4004
90 89 4094
91 90 4185
92 91 4277
93 92 4370
94 93 4464
95 94 4559
96 95 4655
97 96 4752
98 97 4850
99 98 4949
100 99 5049
101 100 5150
102 101 5252
103 102 5355
104 103 5459
105 104 5564
106 105 5670
107 106 5777
108 107 5885
109 108 5994
110 109 6104
111 110 6215
112 111 6327
113 112 6440
114 113 6554
115 114 6669
116 115 6785
117 116 6902
118 117 7020
119 118 7139
120 119 7259
121 120 7380
122 121 7502
123 122 7625
124 123 7749
125 124 7874
126 125 8000
127 126 8127
128 127 8255
129 128 8384
130 129 8514
131 130 8645
132 131 8777
133 132 8910
134 133 9044
135 134 9179
136 135 9315
137 136 9452
138 137 9590
139 138 9729
140 139 9869
141 140 10010
142 141 10152
143 142 10295
144 143 10439
145 144 10584
146 145 10730
147 146 10877
148 147 11025
149 148 11174
150 149 11324
151 150 11475
152 151 11627
153 152 11780
154 153 11934
155 154 12089
156 155 12245
157 156 12402
158 157 12560
159 158 12719
160 159 12879
161 160 13040
162 161 13202
163 162 13365
164 163 13529
165 164 13694
166 165 13860
167 166 14027
168 167 14195
169 168 14364
170 169 14534
171 170 14705
172 171 14877
173 172 15050
174 173 15224
175 174 15399
176 175 15575
177 176 15752
178 177 15930
179 178 16109
180 179 16289
181 180 16470
182 181 16652
183 182 16835
184 183 17019
185 184 17204
186 185 17390
187 186 17577
188 187 17765
189 188 17954
190 189 18144
191 190 18335
192 191 18527
193 192 18720
194 193 18914
195 194 19109
196 195 19305
197 196 19502
198 197 19700
199 198 19899
200 199 20099
201 200 20300
202 201 20502
203 202 20705
204 203 20909
205 204 21114
206 205 21320
207 206 21527
208 207 21735
209 208 21944
210 209 22154
211 210 22365
212 211 22577
213 212 22790
214 213 23004
215 214 23219
216 215 23435
217 216 23652
218 217 23870
219 218 24089
220 219 24309
221 220 24530
222 221 24752
223 222 24975
224 223 25199
225 224 25424
226 225 25650
227 226 25877
228 227 26105
229 228 26334
230 229 26564
231 230 26795
232 231 27027
233 232 27260
234 233 27494
235 234 27729
236 235 27965
237 236 28202
238 237 28440
239 238 28679
240 239 28919
241 240 29160
242 241 29402
243 242 29645
244 243 29889
245 244 30134
246 245 30380
247 246 30627
248 247 30875
249 248 31124
250 249 31374
251 250 31625
252 251 31877
253 252 32130
254 253 32384
255 254 32639
256 255 32895
257 256 33152
258 257 33410
259 258 33669
260 259 33929
261 260 34190
262 261 34452
263 262 34715
264 263 34979
265 264 35244
266 265 35510
267 266 35777
268 267 36045
269 268 36314
270 269 36584
271 270 36855
272 271 37127
273 272 37400
274 273 37674
275 274 37949
276 275 38225
277 276 38502
278 277 38780
279 278 39059
